# This file was created by stressberry v0.1.4 on 2017-11-30 19:56:11.768769
name: fasttech
temperature: [33.2, 34.3, 33.2, 33.2, 34.3, 33.2, 34.3, 33.8, 34.3, 33.8, 33.8, 33.8,
  33.2, 34.3, 33.8, 33.2, 33.8, 33.2, 33.8, 33.8, 33.2, 33.2, 33.2, 33.2, 33.2, 33.8,
  34.3, 33.2, 34.3, 33.2, 33.2, 33.8, 34.3, 33.2, 33.2, 33.2, 33.8, 33.8, 33.2, 33.2,
  33.2, 34.3, 33.8, 34.3, 33.8, 34.3, 34.3, 34.3, 33.8, 34.3, 33.2, 34.3, 34.3, 33.8,
  34.3, 34.3, 33.8, 33.2, 34.3, 33.2, 33.8, 34.3, 33.2, 34.3, 33.8, 34.3, 34.3, 33.8,
  34.3, 33.8, 33.2, 34.3, 33.8, 34.3, 34.3, 35.9, 38.1, 39.2, 39.7, 40.8, 40.8, 40.8,
  40.8, 41.3, 40.8, 40.8, 40.8, 41.3, 41.9, 41.9, 41.9, 41.9, 41.9, 41.9, 41.3, 42.4,
  42.4, 41.9, 42.4, 42.4, 41.9, 42.4, 42.4, 42.4, 41.9, 41.9, 42.9, 41.9, 42.4, 42.9,
  42.4, 42.9, 42.9, 42.9, 42.9, 42.9, 42.9, 43.5, 43.5, 42.9, 42.9, 42.9, 42.9, 42.9,
  42.9, 43.5, 43.5, 43.5, 43.5, 43.5, 44.0, 43.5, 43.5, 42.9, 43.5, 44.0, 43.5, 44.0,
  43.5, 43.5, 43.5, 44.0, 43.5, 44.0, 44.0, 43.5, 44.0, 44.0, 44.0, 44.0, 44.0, 44.0,
  44.0, 44.0, 44.5, 44.5, 45.1, 45.1, 44.0, 44.5, 44.5, 44.0, 45.1, 44.0, 44.5, 45.1,
  45.1, 44.5, 45.1, 45.1, 45.1, 45.1, 45.1, 44.5, 45.1, 45.1, 44.5, 45.1, 45.1, 45.1,
  45.1, 45.1, 45.1, 45.1, 45.1, 45.1, 45.1, 45.1, 45.6, 45.1, 45.1, 45.1, 45.1, 45.6,
  45.1, 45.6, 45.6, 45.1, 45.1, 45.6, 45.6, 45.6, 45.6, 45.6, 45.6, 45.6, 46.2, 45.6,
  45.6, 45.6, 45.6, 46.2, 46.2, 46.2, 46.2, 45.6, 46.2, 45.6, 46.2, 45.6, 46.2, 46.2,
  42.9, 41.3, 40.8, 39.7, 39.7, 39.7, 39.7, 39.2, 39.2, 39.2, 38.6, 39.2, 39.2, 38.6,
  38.6, 39.2, 38.6, 38.6, 39.2, 38.6, 38.6, 38.6, 38.1, 38.1, 38.6, 38.6, 38.6, 38.6,
  38.1, 38.6, 38.6, 38.6, 38.6, 38.6, 38.6, 38.1, 38.1, 38.1, 38.6, 38.6, 38.1, 38.6,
  38.6, 38.1, 38.1, 38.1, 38.1, 38.6, 38.1, 38.6, 38.1, 37.6, 38.1, 38.1, 38.6, 38.1,
  38.6, 38.1, 37.6, 37.6, 37.6, 37.6, 37.6, 37.6, 38.6, 37.6, 38.1, 38.1, 38.1, 38.1,
  38.6, 37.6, 38.1, 38.6]
time: [0.0, 2.018042802810669, 4.029780626296997, 6.041356563568115, 8.05314564704895,
  10.064846515655518, 12.076734066009521, 14.088727474212646, 16.100860834121704,
  18.113038539886475, 20.12542748451233, 22.137804746627808, 24.150096893310547, 26.162620067596436,
  28.17492389678955, 30.187162160873413, 32.199400424957275, 34.21191740036011, 36.22384762763977,
  38.236095666885376, 40.248101472854614, 42.26041579246521, 44.27249193191528, 46.2844455242157,
  48.29615259170532, 50.30816984176636, 52.32064723968506, 54.332828521728516, 56.345057010650635,
  58.35730290412903, 60.36936640739441, 62.38170313835144, 64.39392280578613, 66.40590262413025,
  68.41756057739258, 70.42929434776306, 72.4411609172821, 74.45316767692566, 76.46487092971802,
  78.47707056999207, 80.48907375335693, 82.50254249572754, 84.51476168632507, 86.52708005905151,
  88.53898000717163, 90.55104660987854, 92.56289577484131, 94.57482194900513, 96.58683013916016,
  98.59880208969116, 100.61075472831726, 102.62269830703735, 104.63473129272461, 106.64680051803589,
  108.65821170806885, 110.67024493217468, 112.68210458755493, 114.69410920143127,
  116.70561647415161, 118.71772575378418, 120.72921299934387, 122.7407877445221, 124.75270199775696,
  126.76461815834045, 128.77659440040588, 130.7886095046997, 132.8006067276001, 134.81240010261536,
  136.82401704788208, 138.83549976348877, 140.84791326522827, 142.85968255996704,
  144.87155675888062, 146.88305354118347, 148.89489841461182, 150.9063401222229, 152.95127654075623,
  154.99146461486816, 157.04159569740295, 159.0915651321411, 161.1415557861328, 163.19157075881958,
  165.24158096313477, 167.2915551662445, 169.33152174949646, 171.37153792381287, 173.421555519104,
  175.47147035598755, 177.52154660224915, 179.57148265838623, 181.6215660572052, 183.6715271472931,
  185.71126890182495, 187.76127195358276, 189.80184030532837, 191.8513000011444, 193.90181636810303,
  195.95157933235168, 197.99154591560364, 200.0315544605255, 202.08128190040588, 204.1313328742981,
  206.1813292503357, 208.2313163280487, 210.2812979221344, 212.33155179023743, 214.38153982162476,
  216.42156076431274, 218.4715394973755, 220.52154850959778, 222.5715615749359, 224.62155199050903,
  226.67153239250183, 228.72157740592957, 230.77155685424805, 232.81155467033386,
  234.86132216453552, 236.91152381896973, 238.96158289909363, 241.0114631652832, 243.06154823303223,
  245.11155247688293, 247.1615855693817, 249.20179057121277, 251.25156092643738, 253.30157279968262,
  255.3515498638153, 257.401540517807, 259.45149540901184, 261.5015563964844, 263.5415976047516,
  265.5915400981903, 267.6412889957428, 269.6912579536438, 271.731564283371, 273.7813081741333,
  275.82160568237305, 277.8715829849243, 279.9216356277466, 281.9615433216095, 284.0115370750427,
  286.06154012680054, 288.11153745651245, 290.1615607738495, 292.2115259170532, 294.26151967048645,
  296.3015556335449, 298.3515064716339, 300.40151739120483, 302.4515359401703, 304.49126505851746,
  306.54127502441406, 308.5915627479553, 310.6415390968323, 312.68154406547546, 314.721556186676,
  316.7715673446655, 318.8115360736847, 320.86156463623047, 322.91153264045715, 324.95153427124023,
  326.9915449619293, 329.041570186615, 331.0915455818176, 333.14156198501587, 335.19154620170593,
  337.2415828704834, 339.29153847694397, 341.3412721157074, 343.39126563072205, 345.44146490097046,
  347.49153780937195, 349.53155398368835, 351.58155274391174, 353.631555557251, 355.6715741157532,
  357.71154022216797, 359.76153469085693, 361.8112759590149, 363.8612594604492, 365.911545753479,
  367.9515378475189, 370.0015754699707, 372.05126762390137, 374.091769695282, 376.1413290500641,
  378.19127082824707, 380.2415597438812, 382.2915749549866, 384.3415586948395, 386.3815743923187,
  388.43153977394104, 390.4715323448181, 392.5212755203247, 394.57126665115356, 396.6213490962982,
  398.67154717445374, 400.7215223312378, 402.7615644931793, 404.8115746974945, 406.8512942790985,
  408.90155839920044, 410.94157361984253, 412.9815263748169, 415.031592130661, 417.0620131492615,
  419.1115779876709, 421.1514701843262, 423.20152044296265, 425.2415494918823, 427.29156398773193,
  429.3415517807007, 431.38153076171875, 433.4215474128723, 435.46180391311646, 437.51155829429626,
  439.56130933761597, 441.6112611293793, 443.66129994392395, 445.71131110191345, 447.7515630722046,
  449.7915618419647, 451.8418118953705, 453.8541419506073, 455.8663127422333, 457.878155708313,
  459.8895809650421, 461.90155935287476, 463.913654088974, 465.9256534576416, 467.9375994205475,
  469.9491219520569, 471.96100878715515, 473.97254037857056, 475.9844379425049, 477.9963345527649,
  480.00813817977905, 482.02029514312744, 484.0322299003601, 486.04411816596985, 488.0561580657959,
  490.0679895877838, 492.0800552368164, 494.0920190811157, 496.1040258407593, 498.1159815788269,
  500.12798833847046, 502.14004254341125, 504.15192890167236, 506.16322469711304,
  508.1750998497009, 510.18703174591064, 512.1989042758942, 514.2108211517334, 516.2227780818939,
  518.2346632480621, 520.2466766834259, 522.2585082054138, 524.2704727649689, 526.2823402881622,
  528.294294834137, 530.3062601089478, 532.3182199001312, 534.33034491539, 536.3423862457275,
  538.3542544841766, 540.3660864830017, 542.3779947757721, 544.390257358551, 546.4022507667542,
  548.4159541130066, 550.4278788566589, 552.4398503303528, 554.4518618583679, 556.4637794494629,
  558.4756450653076, 560.4875030517578, 562.4993867874146, 564.5113666057587, 566.5232863426208,
  568.5352418422699, 570.5466632843018, 572.5585799217224, 574.5706281661987, 576.5826840400696,
  578.5946855545044, 580.6066195964813, 582.6188061237335, 584.6308908462524, 586.642816066742,
  588.6547243595123, 590.6662631034851, 592.6778788566589, 594.689858675003, 596.7019262313843,
  598.7137808799744]
