# This file was created by stressberry v0.1.7 on 2018-09-25 14:04:48.020466
name: FLIRC case
temperature: [44.008, 44.008, 44.008, 44.008, 44.008, 44.008, 44.008, 44.008, 44.008,
  44.008, 43.47, 44.008, 44.546, 44.008, 43.47, 43.47, 43.47, 43.47, 43.47, 43.47,
  43.47, 43.47, 43.47, 44.008, 44.008, 43.47, 44.008, 44.008, 44.008, 43.47, 44.008,
  43.47, 43.47, 44.008, 44.008, 44.008, 43.47, 44.008, 43.47, 43.47, 44.008, 43.47,
  44.008, 44.008, 44.546, 43.47, 43.47, 43.47, 43.47, 43.47, 43.47, 43.47, 44.008,
  44.008, 44.008, 44.008, 44.008, 44.008, 44.008, 44.008, 43.47, 43.47, 43.47, 44.008,
  44.008, 44.008, 43.47, 44.008, 44.008, 43.47, 44.008, 44.008, 44.008, 43.47, 44.008,
  44.008, 48.312, 49.388, 50.464, 51.54, 52.078, 51.54, 51.54, 52.616, 52.616, 52.616,
  52.616, 53.154, 53.154, 53.692, 53.692, 53.692, 53.692, 53.692, 53.692, 53.692,
  54.23, 54.23, 54.768, 54.768, 54.768, 54.768, 55.306, 54.768, 55.306, 55.306, 54.768,
  54.768, 55.306, 55.306, 55.844, 55.844, 55.844, 55.844, 55.844, 55.844, 56.382,
  56.382, 55.844, 56.382, 55.844, 56.382, 56.92, 56.92, 56.92, 56.92, 57.458, 56.92,
  56.92, 56.92, 56.92, 57.458, 57.458, 56.92, 57.458, 57.458, 56.92, 57.458, 57.458,
  57.996, 56.92, 57.458, 57.458, 57.996, 57.458, 57.996, 57.996, 57.996, 57.458, 57.996,
  57.996, 59.072, 57.996, 57.996, 57.996, 58.534, 58.534, 57.996, 57.996, 58.534,
  57.996, 59.072, 59.072, 58.534, 59.072, 59.072, 58.534, 58.534, 58.534, 58.534,
  59.072, 59.072, 59.61, 59.072, 58.534, 59.072, 59.072, 59.072, 59.61, 59.072, 59.072,
  59.61, 59.072, 59.072, 59.072, 59.61, 59.072, 59.61, 60.148, 59.072, 60.148, 59.072,
  59.61, 59.072, 59.61, 59.61, 59.072, 60.148, 59.072, 60.148, 60.148, 59.61, 60.148,
  59.072, 59.61, 59.072, 59.61, 60.148, 59.072, 60.148, 59.072, 59.072, 60.148, 60.148,
  60.148, 59.61, 59.61, 59.61, 60.148, 60.148, 59.61, 60.148, 59.61, 60.148, 60.148,
  59.072, 56.382, 54.23, 53.692, 53.692, 53.154, 52.616, 52.078, 52.616, 51.54, 51.54,
  51.54, 52.078, 51.54, 51.54, 52.078, 50.464, 51.54, 50.464, 50.464, 51.54, 51.002,
  50.464, 49.926, 50.464, 50.464, 51.54, 50.464, 50.464, 50.464, 50.464, 49.388, 49.926,
  50.464, 49.388, 49.388, 49.926, 49.926, 49.926, 49.926, 49.388, 49.388, 49.388,
  49.926, 49.388, 49.926, 49.388, 49.388, 49.388, 49.926, 49.388, 49.388, 48.85, 49.388,
  49.388, 49.388, 49.388, 49.388, 49.388, 49.388, 48.312, 48.312, 49.388, 48.85, 48.85,
  48.312, 48.85, 49.388, 48.312, 48.312, 48.312, 49.388, 48.85, 48.312, 48.85]
time: [0.0, 2.000962734222412, 4.00215744972229, 6.003361463546753, 8.005772113800049,
  10.008933067321777, 12.011123418807983, 14.013258695602417, 16.01557731628418, 18.017762422561646,
  20.019887685775757, 22.02103614807129, 24.022154331207275, 26.023271083831787, 28.02488946914673,
  30.026676893234253, 32.02842140197754, 34.03020095825195, 36.03197717666626, 38.03379583358765,
  40.03600001335144, 42.038151264190674, 44.0402729511261, 46.04247260093689, 48.04476475715637,
  50.047579288482666, 52.04929804801941, 54.051440715789795, 56.05356788635254, 58.054840087890625,
  60.05595898628235, 62.057074546813965, 64.05819058418274, 66.05930685997009, 68.06047320365906,
  70.06158256530762, 72.0633270740509, 74.06522607803345, 76.06697010993958, 78.06872224807739,
  80.07047271728516, 82.07160758972168, 84.07273030281067, 86.07388973236084, 88.07500314712524,
  90.07612228393555, 92.07724022865295, 94.07837343215942, 96.07949328422546, 98.0806052684784,
  100.08172941207886, 102.08285188674927, 104.08400201797485, 106.08576393127441,
  108.08754873275757, 110.08934354782104, 112.09047341346741, 114.0915915966034, 116.09269595146179,
  118.09389114379883, 120.09560561180115, 122.09733772277832, 124.09908676147461,
  126.10080099105835, 128.1019308567047, 130.1030457019806, 132.10422205924988, 134.10534000396729,
  136.10645246505737, 138.10756397247314, 140.10868549346924, 142.10981369018555,
  144.110933303833, 146.1120252609253, 148.113139629364, 150.1155068874359, 152.11729311943054,
  154.1184904575348, 156.1198229789734, 158.12119698524475, 160.12254357337952, 162.12384128570557,
  164.12513995170593, 166.1264533996582, 168.12778449058533, 170.12944436073303, 172.13073301315308,
  174.13202571868896, 176.1333351135254, 178.1347005367279, 180.13599228858948, 182.13719367980957,
  184.13849925994873, 186.1398220062256, 188.14118099212646, 190.14236330986023, 192.14366006851196,
  194.14499306678772, 196.1463143825531, 198.14756417274475, 200.14889812469482, 202.15020489692688,
  204.15150260925293, 206.15282130241394, 208.15415358543396, 210.15584111213684,
  212.15713238716125, 214.15836381912231, 216.15955901145935, 218.16072916984558,
  220.16195511817932, 222.16322469711304, 224.16449737548828, 226.16571307182312,
  228.16700339317322, 230.16865968704224, 232.1699481010437, 234.17126417160034, 236.17244601249695,
  238.17377305030823, 240.17514204978943, 242.17644596099854, 244.17775511741638,
  246.17907547950745, 248.18043899536133, 250.18211960792542, 252.18339848518372,
  254.18476128578186, 256.1860947608948, 258.18740487098694, 260.18873929977417, 262.19006514549255,
  264.19125723838806, 266.19253969192505, 268.19387555122375, 270.19556427001953,
  272.19688630104065, 274.1982069015503, 276.1995780467987, 278.2009377479553, 280.20230507850647,
  282.20360922813416, 284.2049460411072, 286.20624804496765, 288.2075881958008, 290.2092709541321,
  292.21062088012695, 294.2119288444519, 296.2131028175354, 298.21431040763855, 300.2156300544739,
  302.2169406414032, 304.21832275390625, 306.21961855888367, 308.22099447250366, 310.2226917743683,
  312.22405648231506, 314.2255651950836, 316.22689270973206, 318.22820711135864, 320.2295620441437,
  322.23087644577026, 324.23222374916077, 326.23353028297424, 328.2349021434784, 330.2364921569824,
  332.2377986907959, 334.23912286758423, 336.240287065506, 338.2417013645172, 340.2430565357208,
  342.2443222999573, 344.2456696033478, 346.2470200061798, 348.2482979297638, 350.24998235702515,
  352.25131154060364, 354.2526307106018, 356.2539882659912, 358.25532484054565, 360.25667357444763,
  362.2579960823059, 364.25935077667236, 366.26065611839294, 368.26198291778564, 370.26373624801636,
  372.26509189605713, 374.26932406425476, 376.2728922367096, 378.27428007125854, 380.2754933834076,
  382.28250551223755, 384.2838761806488, 386.2850995063782, 388.28631925582886, 390.2879331111908,
  392.2892084121704, 394.2905194759369, 396.29171991348267, 398.2929298877716, 400.2943522930145,
  402.2956907749176, 404.2970221042633, 406.2983775138855, 408.2996714115143, 410.3013753890991,
  412.3026502132416, 414.30404138565063, 416.30530309677124, 418.30671429634094, 420.3081126213074,
  422.30935287475586, 424.3106186389923, 426.3119719028473, 428.31340622901917, 430.31522703170776,
  432.31656646728516, 434.3177378177643, 436.31893396377563, 438.32011365890503, 440.3212773799896,
  442.3224925994873, 444.3239119052887, 446.32533049583435, 448.32670068740845, 450.32801151275635,
  452.3299205303192, 454.3321170806885, 456.3332805633545, 458.3344349861145, 460.33554792404175,
  462.3366665840149, 464.3377811908722, 466.3388957977295, 468.3399922847748, 470.34114623069763,
  472.34224033355713, 474.3433508872986, 476.34453678131104, 478.3456482887268, 480.34676146507263,
  482.3478891849518, 484.34900283813477, 486.35010600090027, 488.3512156009674, 490.3523278236389,
  492.3534457683563, 494.3546288013458, 496.35573840141296, 498.35683369636536, 500.35795760154724,
  502.359050989151, 504.3601665496826, 506.3613018989563, 508.36241149902344, 510.3635368347168,
  512.3647232055664, 514.3658366203308, 516.3669323921204, 518.3680336475372, 520.3691625595093,
  522.3702800273895, 524.3713960647583, 526.3725137710571, 528.3736236095428, 530.374814748764,
  532.3759198188782, 534.377030134201, 536.3781435489655, 538.3792562484741, 540.3803751468658,
  542.3814933300018, 544.3826014995575, 546.3837518692017, 548.3860220909119, 550.3881714344025,
  552.3903501033783, 554.3921375274658, 556.3940298557281, 558.3962399959564, 560.3973777294159,
  562.3984780311584, 564.3995859622955, 566.4006917476654, 568.4018077850342, 570.4029195308685,
  572.4040379524231, 574.4051449298859, 576.4062614440918, 578.4073739051819, 580.4085054397583,
  582.4096310138702, 584.4107520580292, 586.4118638038635, 588.412976026535, 590.4157748222351,
  592.4168660640717, 594.4179780483246, 596.4190933704376, 598.4201943874359]
